1) Frequency Term: Gates
	Doc: Microsoft-Corporation		Count: 3		Occurrence Index: [5573], [5930], [6843], 
2) Frequency Term: Gates
	Doc: 11084145-steve-jobs		Count: 4		Occurrence Index: [27678], [31725], [46121], [58928], 
3) Frequency Term: Gates
	Doc: bill-gates-mini-biography-36892506		Count: 40		Occurrence Index: [335], [339], [1420], [1430], [1442], [1505], [1540], [1546], [1587], [1605], [1615], [4084], [4088], [4092], [4097], [4120], [4126], [4170], [4196], [4297], [4330], [4431], [4482], [4511], [4536], [4585], [4612], [4635], [4684], [4711], [4734], [4785], [4814], [4942], [4990], [5020], [5743], [5751], [5868], [6022], 
4) Frequency Term: Gates
	Doc: Steve_Jobs.2		Count: 2		Occurrence Index: [31136], [31206], 
5) Frequency Term: Gates
	Doc: Steve_Jobs.1		Count: 2		Occurrence Index: [31136], [31206], 
6) Frequency Term: Gates
	Doc: Steve_Jobs		Count: 2		Occurrence Index: [31136], [31206], 
7) Frequency Term: Gates
	Doc: bill-gates-biography-and-history-1991861		Count: 47		Occurrence Index: [114], [205], [259], [739], [2788], [3622], [3679], [3727], [3735], [3804], [3809], [3825], [3871], [3910], [4039], [4156], [4183], [4219], [4338], [4351], [4504], [4524], [4557], [4594], [4649], [4709], [4727], [4738], [4803], [4874], [4888], [4940], [5004], [5010], [5029], [5069], [5128], [5137], [5170], [5207], [5230], [5253], [5322], [6077], [6558], [6579], [7280], 
8) Frequency Term: Gates
	Doc: 197526		Count: 25		Occurrence Index: [16], [696], [2071], [2608], [2642], [2688], [2731], [2749], [2786], [2837], [2847], [2871], [2908], [2978], [3103], [3116], [3137], [3158], [3205], [3345], [3509], [3524], [3580], [3761], [3781], 
9) Frequency Term: Gates
	Doc: Gates-Foundation		Count: 22		Occurrence Index: [84], [556], [610], [677], [4981], [5133], [5137], [5268], [5441], [5479], [5508], [5530], [5542], [5630], [5644], [5662], [5911], [6254], [6560], [6564], [6799], [6811], 
10) Frequency Term: Gates
	Doc: Microsoft		Count: 16		Occurrence Index: [1597], [2238], [2325], [2350], [2394], [2404], [2720], [3792], [3809], [7841], [10503], [13232], [15400], [15456], [16926], [21588], 
11) Frequency Term: Gates
	Doc: steve-jobs-bill-gates-how-to-be-successful.html		Count: 13		Occurrence Index: [10425], [10584], [10606], [11240], [11246], [11904], [12303], [12324], [13866], [13872], [14818], [15441], [15462], 
12) Frequency Term: Gates
	Doc: Paul-Allen		Count: 6		Occurrence Index: [5668], [5677], [5717], [5775], [6620], [6917], 
13) Frequency Term: Gates
	Doc: Paul-Allen.1		Count: 6		Occurrence Index: [5668], [5677], [5717], [5775], [6620], [6917], 
14) Frequency Term: Gates
	Doc: Bio		Count: 33		Occurrence Index: [37094], [46390], [46693], [152009], [171168], [174427], [174552], [174708], [174757], [178758], [180912], [185255], [185693], [189815], [191019], [192979], [198202], [202174], [206420], [206445], [208301], [208309], [208315], [211603], [213101], [213982], [213994], [214078], [215274], [221744], [221760], [221878], [221972], 
15) Frequency Term: Gates
	Doc: bill_gates.php		Count: 25		Occurrence Index: [17], [1603], [1609], [1628], [1949], [1998], [2036], [2076], [2102], [2127], [2183], [2200], [2243], [2294], [2360], [2371], [2417], [2440], [2465], [2519], [2541], [2550], [2564], [2628], [2644], 
16) Frequency Term: Gates
	Doc: Bill_Gates		Count: 307		Occurrence Index: [9], [282], [636], [638], [690], [762], [766], [823], [825], [863], [905], [977], [1019], [1051], [1086], [1109], [1113], [1190], [1331], [1368], [1398], [1402], [1420], [1554], [1765], [1768], [1841], [1868], [1915], [1927], [1974], [2164], [2215], [2240], [2370], [2427], [2475], [2487], [2505], [2634], [2657], [2811], [2827], [3022], [3128], [3166], [3213], [3233], [3324], [3477], [3529], [3543], [3682], [3768], [3796], [3836], [3863], [4065], [4082], [4206], [4244], [4322], [4330], [4370], [4526], [4644], [4734], [4754], [4832], [4888], [4928], [4976], [5127], [5155], [5191], [5241], [5301], [5325], [5366], [5378], [5382], [5490], [5494], [5503], [5518], [5522], [5611], [5644], [5704], [6046], [6071], [6134], [6159], [6227], [6251], [6267], [6276], [6315], [6359], [6445], [6487], [6528], [6560], [6621], [6675], [6744], [6993], [7009], [7040], [7078], [7109], [7357], [7408], [7701], [7785], [8037], [8270], [8343], [8462], [8490], [8563], [8613], [8682], [8802], [8848], [8882], [8935], [8958], [8990], [9011], [9057], [9161], [9246], [9423], [9445], [9453], [9481], [9568], [9585], [9628], [9643], [9707], [9862], [9979], [10004], [10154], [10203], [10384], [10426], [10474], [10531], [10714], [10751], [10875], [11081], [11270], [11642], [11683], [11726], [11867], [12315], [12496], [12575], [12668], [12803], [13106], [13253], [13304], [13419], [13463], [13548], [13606], [13675], [13844], [13882], [13890], [13922], [14056], [14103], [14108], [14214], [14535], [14690], [14742], [14847], [14895], [14990], [15032], [15176], [15432], [15552], [15725], [15778], [16375], [16384], [16995], [17040], [17214], [17558], [17603], [17645], [17748], [17958], [18003], [18216], [18268], [18460], [18555], [18748], [18752], [18805], [18845], [18879], [18883], [18963], [18965], [29539], [29544], [31208], [31218], [31238], [31259], [31290], [31321], [31342], [31352], [31364], [31409], [31421], [31441], [31451], [31461], [31471], [31491], [31501], [31511], [31521], [31541], [31561], [31571], [31581], [31591], [31611], [31621], [31631], [31642], [31652], [31663], [31673], [31693], [31708], [31749], [31759], [31769], [31779], [31790], [31810], [31820], [31840], [31860], [31890], [31900], [31920], [31940], [31950], [31960], [31970], [31980], [32005], [32015], [32045], [32065], [32116], [32127], [32157], [32167], [32207], [32219], [32231], [32251], [32302], [32313], [32323], [32333], [32343], [32353], [32395], [32405], [32415], [32425], [32445], [32457], [32467], [32477], [32487], [32520], [32532], [32546], [32556], [32566], [32586], [32636], [32688], [32698], [32719], [32749], [32768], 
17) Frequency Term: Gates
	Doc: bill-gates.html		Count: 43		Occurrence Index: [87], [196], [251], [257], [301], [304], [372], [830], [847], [909], [917], [959], [969], [988], [1023], [1035], [1064], [1110], [1142], [1231], [1349], [1488], [1705], [1729], [1735], [1738], [1753], [1798], [1815], [1817], [1904], [1916], [1969], [2083], [2122], [2136], [2168], [2290], [2342], [2508], [2668], [2675], [2878], 
18) Frequency Term: Gates
	Doc: Microsoft-Corporation.2		Count: 3		Occurrence Index: [5558], [5899], [6812], 
19) Frequency Term: Gates
	Doc: Microsoft-Corporation.1		Count: 3		Occurrence Index: [5573], [5914], [6827], 
20) Frequency Term: Gates
	Doc: Bill-Gates		Count: 51		Occurrence Index: [101], [570], [587], [623], [656], [689], [700], [5013], [5039], [5120], [5143], [5296], [5371], [5429], [5494], [5505], [5533], [5545], [5581], [5594], [5653], [5680], [5709], [5716], [5730], [5738], [5760], [5769], [5810], [5837], [5953], [6054], [6113], [6170], [6322], [6440], [6460], [6470], [6508], [6512], [6526], [6602], [6627], [6702], [6805], [6886], [7155], [7453], [8389], [8408], [8415], 
21) Frequency Term: Gates
	Doc: Bill_Gates.6		Count: 307		Occurrence Index: [9], [282], [636], [638], [690], [762], [766], [823], [825], [863], [905], [977], [1019], [1051], [1086], [1109], [1113], [1190], [1331], [1368], [1398], [1402], [1420], [1554], [1765], [1768], [1841], [1868], [1915], [1927], [1974], [2164], [2215], [2240], [2370], [2427], [2475], [2487], [2505], [2634], [2657], [2811], [2827], [3022], [3128], [3166], [3213], [3233], [3324], [3477], [3529], [3543], [3682], [3768], [3796], [3836], [3863], [4065], [4082], [4206], [4244], [4322], [4330], [4370], [4526], [4644], [4734], [4754], [4832], [4888], [4928], [4976], [5127], [5155], [5191], [5241], [5301], [5325], [5366], [5378], [5382], [5490], [5494], [5503], [5518], [5522], [5611], [5644], [5704], [6046], [6071], [6134], [6159], [6227], [6251], [6267], [6276], [6315], [6359], [6445], [6487], [6528], [6560], [6621], [6675], [6744], [6993], [7009], [7040], [7078], [7109], [7357], [7408], [7701], [7785], [8037], [8270], [8343], [8462], [8490], [8563], [8613], [8682], [8802], [8848], [8882], [8935], [8958], [8990], [9011], [9057], [9161], [9246], [9423], [9445], [9453], [9481], [9568], [9585], [9628], [9643], [9707], [9862], [9979], [10004], [10154], [10203], [10384], [10426], [10474], [10531], [10714], [10751], [10875], [11081], [11270], [11642], [11683], [11726], [11867], [12315], [12496], [12575], [12668], [12803], [13106], [13253], [13304], [13419], [13463], [13548], [13606], [13675], [13844], [13882], [13890], [13922], [14056], [14103], [14108], [14214], [14535], [14690], [14742], [14847], [14895], [14990], [15032], [15176], [15432], [15552], [15725], [15778], [16375], [16384], [16995], [17040], [17214], [17558], [17603], [17645], [17748], [17958], [18003], [18216], [18268], [18460], [18555], [18748], [18752], [18805], [18845], [18879], [18883], [18963], [18965], [29539], [29544], [31208], [31218], [31238], [31259], [31290], [31321], [31342], [31352], [31364], [31409], [31421], [31441], [31451], [31461], [31471], [31491], [31501], [31511], [31521], [31541], [31561], [31571], [31581], [31591], [31611], [31621], [31631], [31642], [31652], [31663], [31673], [31693], [31708], [31749], [31759], [31769], [31779], [31790], [31810], [31820], [31840], [31860], [31890], [31900], [31920], [31940], [31950], [31960], [31970], [31980], [32005], [32015], [32045], [32065], [32116], [32127], [32157], [32167], [32207], [32219], [32231], [32251], [32302], [32313], [32323], [32333], [32343], [32353], [32395], [32405], [32415], [32425], [32445], [32457], [32467], [32477], [32487], [32520], [32532], [32546], [32556], [32566], [32586], [32636], [32688], [32698], [32719], [32749], [32768], 
22) Frequency Term: Gates
	Doc: Bill_Gates.5		Count: 307		Occurrence Index: [9], [282], [636], [638], [690], [762], [766], [823], [825], [863], [905], [977], [1019], [1051], [1086], [1109], [1113], [1190], [1331], [1368], [1398], [1402], [1420], [1554], [1765], [1768], [1841], [1868], [1915], [1927], [1974], [2164], [2215], [2240], [2370], [2427], [2475], [2487], [2505], [2634], [2657], [2811], [2827], [3022], [3128], [3166], [3213], [3233], [3324], [3477], [3529], [3543], [3682], [3768], [3796], [3836], [3863], [4065], [4082], [4206], [4244], [4322], [4330], [4370], [4526], [4644], [4734], [4754], [4832], [4888], [4928], [4976], [5127], [5155], [5191], [5241], [5301], [5325], [5366], [5378], [5382], [5490], [5494], [5503], [5518], [5522], [5611], [5644], [5704], [6046], [6071], [6134], [6159], [6227], [6251], [6267], [6276], [6315], [6359], [6445], [6487], [6528], [6560], [6621], [6675], [6744], [6993], [7009], [7040], [7078], [7109], [7357], [7408], [7701], [7785], [8037], [8270], [8343], [8462], [8490], [8563], [8613], [8682], [8802], [8848], [8882], [8935], [8958], [8990], [9011], [9057], [9161], [9246], [9423], [9445], [9453], [9481], [9568], [9585], [9628], [9643], [9707], [9862], [9979], [10004], [10154], [10203], [10384], [10426], [10474], [10531], [10714], [10751], [10875], [11081], [11270], [11642], [11683], [11726], [11867], [12315], [12496], [12575], [12668], [12803], [13106], [13253], [13304], [13419], [13463], [13548], [13606], [13675], [13844], [13882], [13890], [13922], [14056], [14103], [14108], [14214], [14535], [14690], [14742], [14847], [14895], [14990], [15032], [15176], [15432], [15552], [15725], [15778], [16375], [16384], [16995], [17040], [17214], [17558], [17603], [17645], [17748], [17958], [18003], [18216], [18268], [18460], [18555], [18748], [18752], [18805], [18845], [18879], [18883], [18963], [18965], [29539], [29544], [31208], [31218], [31238], [31259], [31290], [31321], [31342], [31352], [31364], [31409], [31421], [31441], [31451], [31461], [31471], [31491], [31501], [31511], [31521], [31541], [31561], [31571], [31581], [31591], [31611], [31621], [31631], [31642], [31652], [31663], [31673], [31693], [31708], [31749], [31759], [31769], [31779], [31790], [31810], [31820], [31840], [31860], [31890], [31900], [31920], [31940], [31950], [31960], [31970], [31980], [32005], [32015], [32045], [32065], [32116], [32127], [32157], [32167], [32207], [32219], [32231], [32251], [32302], [32313], [32323], [32333], [32343], [32353], [32395], [32405], [32415], [32425], [32445], [32457], [32467], [32477], [32487], [32520], [32532], [32546], [32556], [32566], [32586], [32636], [32688], [32698], [32719], [32749], [32768], 
23) Frequency Term: Gates
	Doc: Bill_Gates.4		Count: 307		Occurrence Index: [9], [282], [636], [638], [690], [762], [766], [823], [825], [863], [905], [977], [1019], [1051], [1086], [1109], [1113], [1190], [1331], [1368], [1398], [1402], [1420], [1554], [1765], [1768], [1841], [1868], [1915], [1927], [1974], [2164], [2215], [2240], [2370], [2427], [2475], [2487], [2505], [2634], [2657], [2811], [2827], [3022], [3128], [3166], [3213], [3233], [3324], [3477], [3529], [3543], [3682], [3768], [3796], [3836], [3863], [4065], [4082], [4206], [4244], [4322], [4330], [4370], [4526], [4644], [4734], [4754], [4832], [4888], [4928], [4976], [5127], [5155], [5191], [5241], [5301], [5325], [5366], [5378], [5382], [5490], [5494], [5503], [5518], [5522], [5611], [5644], [5704], [6046], [6071], [6134], [6159], [6227], [6251], [6267], [6276], [6315], [6359], [6445], [6487], [6528], [6560], [6621], [6675], [6744], [6993], [7009], [7040], [7078], [7109], [7357], [7408], [7701], [7785], [8037], [8270], [8343], [8462], [8490], [8563], [8613], [8682], [8802], [8848], [8882], [8935], [8958], [8990], [9011], [9057], [9161], [9246], [9423], [9445], [9453], [9481], [9568], [9585], [9628], [9643], [9707], [9862], [9979], [10004], [10154], [10203], [10384], [10426], [10474], [10531], [10714], [10751], [10875], [11081], [11270], [11642], [11683], [11726], [11867], [12315], [12496], [12575], [12668], [12803], [13106], [13253], [13304], [13419], [13463], [13548], [13606], [13675], [13844], [13882], [13890], [13922], [14056], [14103], [14108], [14214], [14535], [14690], [14742], [14847], [14895], [14990], [15032], [15176], [15432], [15552], [15725], [15778], [16375], [16384], [16995], [17040], [17214], [17558], [17603], [17645], [17748], [17958], [18003], [18216], [18268], [18460], [18555], [18748], [18752], [18805], [18845], [18879], [18883], [18963], [18965], [29539], [29544], [31208], [31218], [31238], [31259], [31290], [31321], [31342], [31352], [31364], [31409], [31421], [31441], [31451], [31461], [31471], [31491], [31501], [31511], [31521], [31541], [31561], [31571], [31581], [31591], [31611], [31621], [31631], [31642], [31652], [31663], [31673], [31693], [31708], [31749], [31759], [31769], [31779], [31790], [31810], [31820], [31840], [31860], [31890], [31900], [31920], [31940], [31950], [31960], [31970], [31980], [32005], [32015], [32045], [32065], [32116], [32127], [32157], [32167], [32207], [32219], [32231], [32251], [32302], [32313], [32323], [32333], [32343], [32353], [32395], [32405], [32415], [32425], [32445], [32457], [32467], [32477], [32487], [32520], [32532], [32546], [32556], [32566], [32586], [32636], [32688], [32698], [32719], [32749], [32768], 
24) Frequency Term: Gates
	Doc: Bill-Gates.1		Count: 17		Occurrence Index: [513], [518], [16681], [16686], [17945], [18137], [18145], [18178], [18230], [18245], [18269], [18310], [18314], [18362], [18408], [18709], [20022], 
25) Frequency Term: Gates
	Doc: Bill_Gates.3		Count: 307		Occurrence Index: [9], [282], [636], [638], [690], [762], [766], [823], [825], [863], [905], [977], [1019], [1051], [1086], [1109], [1113], [1190], [1331], [1368], [1398], [1402], [1420], [1554], [1765], [1768], [1841], [1868], [1915], [1927], [1974], [2164], [2215], [2240], [2370], [2427], [2475], [2487], [2505], [2634], [2657], [2811], [2827], [3022], [3128], [3166], [3213], [3233], [3324], [3477], [3529], [3543], [3682], [3768], [3796], [3836], [3863], [4065], [4082], [4206], [4244], [4322], [4330], [4370], [4526], [4644], [4734], [4754], [4832], [4888], [4928], [4976], [5127], [5155], [5191], [5241], [5301], [5325], [5366], [5378], [5382], [5490], [5494], [5503], [5518], [5522], [5611], [5644], [5704], [6046], [6071], [6134], [6159], [6227], [6251], [6267], [6276], [6315], [6359], [6445], [6487], [6528], [6560], [6621], [6675], [6744], [6993], [7009], [7040], [7078], [7109], [7357], [7408], [7701], [7785], [8037], [8270], [8343], [8462], [8490], [8563], [8613], [8682], [8802], [8848], [8882], [8935], [8958], [8990], [9011], [9057], [9161], [9246], [9423], [9445], [9453], [9481], [9568], [9585], [9628], [9643], [9707], [9862], [9979], [10004], [10154], [10203], [10384], [10426], [10474], [10531], [10714], [10751], [10875], [11081], [11270], [11642], [11683], [11726], [11867], [12315], [12496], [12575], [12668], [12803], [13106], [13253], [13304], [13419], [13463], [13548], [13606], [13675], [13844], [13882], [13890], [13922], [14056], [14103], [14108], [14214], [14535], [14690], [14742], [14847], [14895], [14990], [15032], [15176], [15432], [15552], [15725], [15778], [16375], [16384], [16995], [17040], [17214], [17558], [17603], [17645], [17748], [17958], [18003], [18216], [18268], [18460], [18555], [18748], [18752], [18805], [18845], [18879], [18883], [18963], [18965], [29539], [29544], [31208], [31218], [31238], [31259], [31290], [31321], [31342], [31352], [31364], [31409], [31421], [31441], [31451], [31461], [31471], [31491], [31501], [31511], [31521], [31541], [31561], [31571], [31581], [31591], [31611], [31621], [31631], [31642], [31652], [31663], [31673], [31693], [31708], [31749], [31759], [31769], [31779], [31790], [31810], [31820], [31840], [31860], [31890], [31900], [31920], [31940], [31950], [31960], [31970], [31980], [32005], [32015], [32045], [32065], [32116], [32127], [32157], [32167], [32207], [32219], [32231], [32251], [32302], [32313], [32323], [32333], [32343], [32353], [32395], [32405], [32415], [32425], [32445], [32457], [32467], [32477], [32487], [32520], [32532], [32546], [32556], [32566], [32586], [32636], [32688], [32698], [32719], [32749], [32768], 
26) Frequency Term: Gates
	Doc: Bill_Gates.2		Count: 307		Occurrence Index: [9], [282], [636], [638], [690], [762], [766], [823], [825], [863], [905], [977], [1019], [1051], [1086], [1109], [1113], [1190], [1331], [1368], [1398], [1402], [1420], [1554], [1765], [1768], [1841], [1868], [1915], [1927], [1974], [2164], [2215], [2240], [2370], [2427], [2475], [2487], [2505], [2634], [2657], [2811], [2827], [3022], [3128], [3166], [3213], [3233], [3324], [3477], [3529], [3543], [3682], [3768], [3796], [3836], [3863], [4065], [4082], [4206], [4244], [4322], [4330], [4370], [4526], [4644], [4734], [4754], [4832], [4888], [4928], [4976], [5127], [5155], [5191], [5241], [5301], [5325], [5366], [5378], [5382], [5490], [5494], [5503], [5518], [5522], [5611], [5644], [5704], [6046], [6071], [6134], [6159], [6227], [6251], [6267], [6276], [6315], [6359], [6445], [6487], [6528], [6560], [6621], [6675], [6744], [6993], [7009], [7040], [7078], [7109], [7357], [7408], [7701], [7785], [8037], [8270], [8343], [8462], [8490], [8563], [8613], [8682], [8802], [8848], [8882], [8935], [8958], [8990], [9011], [9057], [9161], [9246], [9423], [9445], [9453], [9481], [9568], [9585], [9628], [9643], [9707], [9862], [9979], [10004], [10154], [10203], [10384], [10426], [10474], [10531], [10714], [10751], [10875], [11081], [11270], [11642], [11683], [11726], [11867], [12315], [12496], [12575], [12668], [12803], [13106], [13253], [13304], [13419], [13463], [13548], [13606], [13675], [13844], [13882], [13890], [13922], [14056], [14103], [14108], [14214], [14535], [14690], [14742], [14847], [14895], [14990], [15032], [15176], [15432], [15552], [15725], [15778], [16375], [16384], [16995], [17040], [17214], [17558], [17603], [17645], [17748], [17958], [18003], [18216], [18268], [18460], [18555], [18748], [18752], [18805], [18845], [18879], [18883], [18963], [18965], [29539], [29544], [31208], [31218], [31238], [31259], [31290], [31321], [31342], [31352], [31364], [31409], [31421], [31441], [31451], [31461], [31471], [31491], [31501], [31511], [31521], [31541], [31561], [31571], [31581], [31591], [31611], [31621], [31631], [31642], [31652], [31663], [31673], [31693], [31708], [31749], [31759], [31769], [31779], [31790], [31810], [31820], [31840], [31860], [31890], [31900], [31920], [31940], [31950], [31960], [31970], [31980], [32005], [32015], [32045], [32065], [32116], [32127], [32157], [32167], [32207], [32219], [32231], [32251], [32302], [32313], [32323], [32333], [32343], [32353], [32395], [32405], [32415], [32425], [32445], [32457], [32467], [32477], [32487], [32520], [32532], [32546], [32556], [32566], [32586], [32636], [32688], [32698], [32719], [32749], [32768], 
27) Frequency Term: Gates
	Doc: Bill_Gates.1		Count: 307		Occurrence Index: [9], [282], [636], [638], [690], [762], [766], [823], [825], [863], [905], [977], [1019], [1051], [1086], [1109], [1113], [1190], [1331], [1368], [1398], [1402], [1420], [1554], [1765], [1768], [1841], [1868], [1915], [1927], [1974], [2164], [2215], [2240], [2370], [2427], [2475], [2487], [2505], [2634], [2657], [2811], [2827], [3022], [3128], [3166], [3213], [3233], [3324], [3477], [3529], [3543], [3682], [3768], [3796], [3836], [3863], [4065], [4082], [4206], [4244], [4322], [4330], [4370], [4526], [4644], [4734], [4754], [4832], [4888], [4928], [4976], [5127], [5155], [5191], [5241], [5301], [5325], [5366], [5378], [5382], [5490], [5494], [5503], [5518], [5522], [5611], [5644], [5704], [6046], [6071], [6134], [6159], [6227], [6251], [6267], [6276], [6315], [6359], [6445], [6487], [6528], [6560], [6621], [6675], [6744], [6993], [7009], [7040], [7078], [7109], [7357], [7408], [7701], [7785], [8037], [8270], [8343], [8462], [8490], [8563], [8613], [8682], [8802], [8848], [8882], [8935], [8958], [8990], [9011], [9057], [9161], [9246], [9423], [9445], [9453], [9481], [9568], [9585], [9628], [9643], [9707], [9862], [9979], [10004], [10154], [10203], [10384], [10426], [10474], [10531], [10714], [10751], [10875], [11081], [11270], [11642], [11683], [11726], [11867], [12315], [12496], [12575], [12668], [12803], [13106], [13253], [13304], [13419], [13463], [13548], [13606], [13675], [13844], [13882], [13890], [13922], [14056], [14103], [14108], [14214], [14535], [14690], [14742], [14847], [14895], [14990], [15032], [15176], [15432], [15552], [15725], [15778], [16375], [16384], [16995], [17040], [17214], [17558], [17603], [17645], [17748], [17958], [18003], [18216], [18268], [18460], [18555], [18748], [18752], [18805], [18845], [18879], [18883], [18963], [18965], [29539], [29544], [31208], [31218], [31238], [31259], [31290], [31321], [31342], [31352], [31364], [31409], [31421], [31441], [31451], [31461], [31471], [31491], [31501], [31511], [31521], [31541], [31561], [31571], [31581], [31591], [31611], [31621], [31631], [31642], [31652], [31663], [31673], [31693], [31708], [31749], [31759], [31769], [31779], [31790], [31810], [31820], [31840], [31860], [31890], [31900], [31920], [31940], [31950], [31960], [31970], [31980], [32005], [32015], [32045], [32065], [32116], [32127], [32157], [32167], [32207], [32219], [32231], [32251], [32302], [32313], [32323], [32333], [32343], [32353], [32395], [32405], [32415], [32425], [32445], [32457], [32467], [32477], [32487], [32520], [32532], [32546], [32556], [32566], [32586], [32636], [32688], [32698], [32719], [32749], [32768], 
28) Frequency Term: Gates
	Doc: steve-jobs-a-computer-icon-on-life-death-and-apple		Count: 2		Occurrence Index: [9611], [12411], 
29) Frequency Term: Gates
	Doc: index.html.5		Count: 26		Occurrence Index: [8], [77], [96], [100], [134], [153], [157], [191], [205], [224], [228], [265], [338], [366], [403], [419], [604], [626], [717], [729], [779], [792], [796], [800], [804], [829], 
30) Frequency Term: President
	Doc: Vermont_Progressive_Party		Count: 1		Occurrence Index: [373], 
31) Frequency Term: President
	Doc: bernie-sanders.1		Count: 1		Occurrence Index: [2635], 
32) Frequency Term: President
	Doc: The_Walt_Disney_Company		Count: 1		Occurrence Index: [8342], 
33) Frequency Term: President
	Doc: Jane_Sanders		Count: 6		Occurrence Index: [292], [1049], [1095], [1351], [1558], [2316], 
34) Frequency Term: President
	Doc: 11084145-steve-jobs		Count: 2		Occurrence Index: [52067], [52572], 
35) Frequency Term: President
	Doc: becoming-bernie-the-6-chapters-of-sanders-life		Count: 2		Occurrence Index: [12047], [12167], 
36) Frequency Term: President
	Doc: Steve_Jobs.2		Count: 7		Occurrence Index: [8696], [10375], [11976], [12039], [14135], [18754], [28700], 
37) Frequency Term: President
	Doc: Steve_Jobs.1		Count: 7		Occurrence Index: [8696], [10375], [11976], [12039], [14135], [18754], [28700], 
38) Frequency Term: President
	Doc: Jane_O'Meara_Sanders		Count: 2		Occurrence Index: [423], [553], 
39) Frequency Term: President
	Doc: Steve_Jobs		Count: 7		Occurrence Index: [8696], [10375], [11976], [12039], [14135], [18754], [28700], 
40) Frequency Term: President
	Doc: bill-gates-biography-and-history-1991861		Count: 3		Occurrence Index: [4990], [5022], [5062], 
41) Frequency Term: President
	Doc: who-is-bernie-sanders-bio-age-family-key-positions-2019-3		Count: 3		Occurrence Index: [49516], [49730], [52428], 
42) Frequency Term: President
	Doc: Jane_Sanders.1		Count: 6		Occurrence Index: [292], [1049], [1095], [1351], [1558], [2316], 
43) Frequency Term: President
	Doc: Bernie_Sanders		Count: 21		Occurrence Index: [399], [1779], [6169], [6896], [8453], [9418], [10095], [10557], [13672], [19044], [19600], [19617], [33748], [34805], [37999], [41358], [50887], [51115], [56894], [60049], [60057], 
44) Frequency Term: President
	Doc: Bill_Gates		Count: 4		Occurrence Index: [5433], [6230], [7002], [14597], 
45) Frequency Term: President
	Doc: Bernie_Sanders_2016_presidential_campaign		Count: 14		Occurrence Index: [288], [1046], [2460], [2760], [9327], [11810], [13742], [14157], [17367], [22107], [24330], [24365], [29756], [32621], 
46) Frequency Term: President
	Doc: Independent_politician		Count: 10		Occurrence Index: [2784], [3450], [3815], [4277], [4336], [5476], [6367], [8790], [8820], [10083], 
47) Frequency Term: President
	Doc: Steve_Wozniak		Count: 5		Occurrence Index: [6139], [6286], [6320], [6676], [12727], 
48) Frequency Term: President
	Doc: Bill_Gates.6		Count: 4		Occurrence Index: [5433], [6230], [7002], [14597], 
49) Frequency Term: President
	Doc: Bill_Gates.5		Count: 4		Occurrence Index: [5433], [6230], [7002], [14597], 
50) Frequency Term: President
	Doc: Bernie_Sanders.2		Count: 21		Occurrence Index: [399], [1779], [6169], [6896], [8453], [9418], [10095], [10557], [13672], [19044], [19600], [19617], [33748], [34805], [37999], [41358], [50887], [51115], [56894], [60049], [60057], 
51) Frequency Term: President
	Doc: Bill_Gates.4		Count: 4		Occurrence Index: [5433], [6230], [7002], [14597], 
52) Frequency Term: President
	Doc: Bernie_Sanders.1		Count: 21		Occurrence Index: [399], [1779], [6169], [6896], [8453], [9418], [10095], [10557], [13672], [19044], [19600], [19617], [33748], [34805], [37999], [41358], [50887], [51115], [56894], [60049], [60057], 
53) Frequency Term: President
	Doc: Bill_Gates.3		Count: 4		Occurrence Index: [5433], [6230], [7002], [14597], 
54) Frequency Term: President
	Doc: Bill_Gates.2		Count: 4		Occurrence Index: [5433], [6230], [7002], [14597], 
55) Frequency Term: President
	Doc: Bill_Gates.1		Count: 4		Occurrence Index: [5433], [6230], [7002], [14597], 
56) Frequency Term: President
	Doc: San_Francisco		Count: 2		Occurrence Index: [20987], [21099], 
57) Frequency Term: President
	Doc: index.html.3		Count: 1		Occurrence Index: [942], 
58) Frequency Term: summer
	Doc: top-london-attractions		Count: 1		Occurrence Index: [108753], 
59) Frequency Term: summer
	Doc: Timeline_of_Steve_Jobs_media		Count: 1		Occurrence Index: [7182], 
60) Frequency Term: summer
	Doc: london-eng-l-lon.htm		Count: 3		Occurrence Index: [2579], [2927], [6709], 
61) Frequency Term: summer
	Doc: lausannebio.html		Count: 1		Occurrence Index: [975], 
62) Frequency Term: summer
	Doc: Alan-Turing		Count: 1		Occurrence Index: [6645], 
63) Frequency Term: summer
	Doc: 11084145-steve-jobs		Count: 2		Occurrence Index: [24081], [29164], 
64) Frequency Term: summer
	Doc: london-attractions-map		Count: 2		Occurrence Index: [16217], [20526], 
65) Frequency Term: summer
	Doc: Harvard-University		Count: 1		Occurrence Index: [5730], 
66) Frequency Term: summer
	Doc: becoming-bernie-the-6-chapters-of-sanders-life		Count: 1		Occurrence Index: [11714], 
67) Frequency Term: summer
	Doc: Steve_Jobs.2		Count: 2		Occurrence Index: [2214], [3646], 
68) Frequency Term: summer
	Doc: new-york-attractions		Count: 2		Occurrence Index: [92483], [110648], 
69) Frequency Term: summer
	Doc: Steve_Jobs.1		Count: 2		Occurrence Index: [2214], [3646], 
70) Frequency Term: summer
	Doc: best-things-to-do-in-new-york		Count: 2		Occurrence Index: [5944], [14435], 
71) Frequency Term: summer
	Doc: new-york-tourist-attractions-tips		Count: 4		Occurrence Index: [5022], [14821], [15012], [15201], 
72) Frequency Term: summer
	Doc: short_bio.4		Count: 1		Occurrence Index: [10550], 
73) Frequency Term: summer
	Doc: short_bio.3		Count: 1		Occurrence Index: [10550], 
74) Frequency Term: summer
	Doc: Attraction_Review-g60763-d555629-Reviews-Central_Park_Summerstage-New_York_City_New_York.html?mcid=63709		Count: 7		Occurrence Index: [23889], [25906], [37877], [39037], [39063], [39081], [39746], 
75) Frequency Term: summer
	Doc: short_bio.2		Count: 1		Occurrence Index: [10550], 
76) Frequency Term: summer
	Doc: short_bio.1		Count: 1		Occurrence Index: [10550], 
77) Frequency Term: summer
	Doc: Steve_Jobs		Count: 2		Occurrence Index: [2214], [3646], 
78) Frequency Term: summer
	Doc: Attraction_Review-g60763-d136347-Reviews-Bryant_Park-New_York_City_New_York.html?mcid=63709		Count: 6		Occurrence Index: [30708], [30728], [41689], [41702], [42807], [42820], 
79) Frequency Term: summer
	Doc: Microsoft		Count: 1		Occurrence Index: [6091], 
80) Frequency Term: summer
	Doc: Attraction_Review-g60763-d105127-Reviews-Central_Park-New_York_City_New_York.html?mcid=63709.2		Count: 1		Occurrence Index: [42852], 
81) Frequency Term: summer
	Doc: Attraction_Review-g60763-d105127-Reviews-Central_Park-New_York_City_New_York.html?mcid=63709.1		Count: 1		Occurrence Index: [42505], 
82) Frequency Term: summer
	Doc: london-eng-l-lon.htm.2		Count: 3		Occurrence Index: [2579], [2927], [6709], 
83) Frequency Term: summer
	Doc: london-eng-l-lon.htm.1		Count: 3		Occurrence Index: [2579], [2927], [6709], 
84) Frequency Term: summer
	Doc: Bernie_Sanders		Count: 2		Occurrence Index: [3639], [20652], 
85) Frequency Term: summer
	Doc: Alan-Turing.1		Count: 1		Occurrence Index: [6652], 
86) Frequency Term: summer
	Doc: Bill_Gates		Count: 2		Occurrence Index: [2283], [2780], 
87) Frequency Term: summer
	Doc: short_bio		Count: 1		Occurrence Index: [10550], 
88) Frequency Term: summer
	Doc: Beatrice_Worsley		Count: 2		Occurrence Index: [1654], [2209], 
89) Frequency Term: summer
	Doc: Steve_Wozniak		Count: 1		Occurrence Index: [1974], 
90) Frequency Term: summer
	Doc: Bio of Alan Turing.html		Count: 1		Occurrence Index: [855], 
91) Frequency Term: summer
	Doc: Attraction_Review-g60763-d105127-Reviews-Central_Park-New_York_City_New_York.html?mcid=63709		Count: 1		Occurrence Index: [41978], 
92) Frequency Term: summer
	Doc: Bill_Gates.6		Count: 2		Occurrence Index: [2283], [2780], 
93) Frequency Term: summer
	Doc: Bill_Gates.5		Count: 2		Occurrence Index: [2283], [2780], 
94) Frequency Term: summer
	Doc: Bernie_Sanders.2		Count: 2		Occurrence Index: [3639], [20652], 
95) Frequency Term: summer
	Doc: Bill_Gates.4		Count: 2		Occurrence Index: [2283], [2780], 
96) Frequency Term: summer
	Doc: Bernie_Sanders.1		Count: 2		Occurrence Index: [3639], [20652], 
97) Frequency Term: summer
	Doc: Bill_Gates.3		Count: 2		Occurrence Index: [2283], [2780], 
98) Frequency Term: summer
	Doc: Bill_Gates.2		Count: 2		Occurrence Index: [2283], [2780], 
99) Frequency Term: summer
	Doc: Bill_Gates.1		Count: 2		Occurrence Index: [2283], [2780], 
100) Frequency Term: summer
	Doc: San_Francisco		Count: 2		Occurrence Index: [10100], [32570], 
101) Frequency Term: summer
	Doc: index.html.2		Count: 1		Occurrence Index: [2343], 
102) Frequency Term: summer
	Doc: bernie-sanders-vermont-119927		Count: 1		Occurrence Index: [4034], 
